#name	rank	LBI
26	1	60.75
554	2	48.35976536189478
551	3	46.37761174691409
542	4	44.87977737410413
527	5	43.84580957082314
520	6	42.94977786556241
517	7	42.45629560151711
509	8	42.447729454267694
552	9	41.49632400686061
492	10	40.375625924322534
543	11	40.18635202380291
532	12	39.46025920512796
521	13	38.50006978606766
487	14	38.120466151293925
513	15	37.94183358233903
499	16	36.38113069207396
500	17	36.23812988925
547	18	35.91671039957784
533	19	35.524592951521704
523	20	34.483631534752035
522	21	34.43805685568856
488	22	34.108800462078406
501	23	32.54214161833767
536	24	31.98212152494487
524	25	30.84872811682537
537	26	28.819373228959826
539	27	25.86598502398068
540	28	25.828806947795744
538	29	25.76575881176183
541	30	25.763696840243593
365	31	14.249999999794555
436	32	13.374999978185233
439	33	10.117148626944326
326	34	9.56726143783939
363	35	8.919093778590266
333	36	8.594540052063106
336	37	8.594081206930433
334	38	8.594081206798288
349	39	8.593622386822073
339	40	8.570310098051683
346	41	8.568903736369972
343	42	8.56796629407073
347	43	8.567403879479148
340	44	8.546203593365327
341	45	8.546201027704948
344	46	8.545246050315944
440	47	7.388371104084588
364	48	6.670658859896742
305	49	4.374999999279806
2	50	3.25
438	51	2.9837163184038613
431	52	2.3749999948525513
325	53	1.621150596547823
425	54	1.3749999987382133
324	55	1.327263872225929
21	56	1.124999999813637
16	57	1.0849529031892842
20	58	0.9864648818671833
304	59	0.9398677356197958
303	60	0.8597168108047337
432	61	0.8082669837821915
553	62	0.7633649266775793
434	63	0.7556682854276484
302	64	0.7394904235821407
516	65	0.6739228855317264
426	66	0.6622301953783478
301	67	0.6593394987670786
427	68	0.5982325563110789
531	69	0.5936217007661768
300	70	0.5658300864828396
299	71	0.5524715990136626
435	72	0.5524715990136626
283	73	0.5491597407134918
297	74	0.5257546240753086
298	75	0.5257546240753086
526	76	0.5000000856701667
416	77	0.49999999936599027
284	78	0.49996214810477724
535	79	0.46385702932223216
546	80	0.45522674359234194
296	81	0.43224521179106984
429	82	0.4238243590626292
295	83	0.4188867243218929
530	84	0.41510965451475434
548	85	0.39889045342923524
294	86	0.392169749383539
549	87	0.38838050167145044
292	88	0.37881126191436204
293	89	0.37881126191436204
331	90	0.3750000000000001
3	91	0.375
241	92	0.37499999969738695
328	93	0.37499999968575615
156	94	0.3749999996820838
406	95	0.374999999681958
330	96	0.37499999968145087
371	97	0.3749999996739177
169	98	0.3749999996639771
159	99	0.3749999996614191
87	100	0.37499999962995256
61	101	0.3749999996216894
41	102	0.37499999962024144
75	103	0.37499999961488184
37	104	0.37499999961358693
11	105	0.3749999994671989
12	106	0.37499999945222573
376	107	0.37499999939277334
180	108	0.3749999993694927
379	109	0.37499999936857664
398	110	0.3749999993659339
382	111	0.37499999936239226
372	112	0.3749999993606095
392	113	0.3749999993600617
374	114	0.3749999993580418
375	115	0.37499999935368167
145	116	0.3749999993422795
317	117	0.37499999934014316
160	118	0.37499999933792033
161	119	0.37499999933278094
164	120	0.374999999332301
171	121	0.3749999993279375
168	122	0.3749999993273728
177	123	0.37499999932020517
390	124	0.37499999930612227
141	125	0.3749999992815245
138	126	0.37499999926281846
95	127	0.3749999992617113
137	128	0.37499999926168315
140	129	0.3749999992557113
104	130	0.3749999992547258
97	131	0.37499999925327965
43	132	0.3749999992530782
89	133	0.37499999925299765
83	134	0.37499999925025124
93	135	0.37499999924986865
94	136	0.37499999924903044
106	137	0.3749999992426409
88	138	0.3749999992308849
103	139	0.3749999990790782
120	140	0.37499378748694145
212	141	0.37499052817955275
362	142	0.3654527744451852
290	143	0.3654527744451851
291	144	0.3654527744451851
275	145	0.358806554348676
288	146	0.35209428697600814
289	147	0.35209428697600814
430	148	0.35209428697600814
277	149	0.3435031035570569
361	150	0.3387357995068313
287	151	0.3387357995068312
510	152	0.3349466827398274
512	153	0.3167849698333007
360	154	0.31201884915167793
286	155	0.3120188245684773
481	156	0.31108567527251735
282	157	0.29866033709930034
482	158	0.2900691536803491
15	159	0.2853018496301234
281	160	0.2853018496301234
417	161	0.27672959239271744
280	162	0.27194336216094644
279	163	0.27194336216094644
278	164	0.27194336216094644
373	165	0.2633660578990146
442	166	0.2633648149596859
443	167	0.2633647961963588
47	168	0.2633647961963587
204	169	0.2633647961963587
84	170	0.2633647961963587
152	171	0.2633647961963587
113	172	0.2633647961963587
449	173	0.2633647961963587
388	174	0.2633647961963587
142	175	0.2633647961963587
4	176	0.26336479592872697
400	177	0.2633647958823385
329	178	0.26336479587967626
391	179	0.2633647958777447
402	180	0.26336479587714634
385	181	0.2633647958771319
403	182	0.2633647958746945
384	183	0.26336479587410505
404	184	0.26336479587363487
167	185	0.26336479587354367
401	186	0.2633647958699704
369	187	0.2633647958689248
370	188	0.26336479586838035
187	189	0.26336479586570055
190	190	0.2633647958650459
307	191	0.2633647958606889
396	192	0.2633647958604194
155	193	0.26336479585882855
188	194	0.2633647958587179
64	195	0.2633647958567853
90	196	0.2633647958484524
127	197	0.26336479583573735
58	198	0.2633647958333451
57	199	0.2633647958330537
314	200	0.26336479583154365
448	201	0.2633647958296959
69	202	0.26336479582557026
38	203	0.2633647958249201
136	204	0.26336479582351957
117	205	0.26336479582338046
118	206	0.263364795823119
486	207	0.2585848799094119
25	208	0.25858487682785014
323	209	0.2585848746917695
274	210	0.2585848746917695
273	211	0.2585848746917695
424	212	0.2585848746917695
272	213	0.2585848746917695
1	214	0.25
485	215	0.2452264059859197
267	216	0.24522638722259255
270	217	0.24522638722259255
271	218	0.24522638722259255
268	219	0.24522638722259255
269	220	0.24522638722259255
515	221	0.23186801028498139
322	222	0.23186790998504067
359	223	0.2318678997534156
266	224	0.2318678997534156
285	225	0.2318678997534156
265	226	0.2318678997534156
423	227	0.2318678997534156
428	228	0.2185094133436104
262	229	0.21850941228423865
320	230	0.21850941228423865
264	231	0.21850941228423865
321	232	0.21850941228423865
263	233	0.21850941228423865
545	234	0.20519015210291797
550	235	0.20515439295974688
358	236	0.20515094971142242
255	237	0.20515092481506217
483	238	0.2051509248150617
258	239	0.2051509248150617
261	240	0.2051509248150617
260	241	0.2051509248150617
256	242	0.2051509248150617
484	243	0.2051509248150617
259	244	0.2051509248150617
422	245	0.2051509248150617
257	246	0.2051509248150617
498	247	0.19179255314379542
508	248	0.1917925319561637
357	249	0.19179246209719586
356	250	0.19179246203879896
245	251	0.19179243734588475
252	252	0.19179243734588475
480	253	0.19179243734588475
254	254	0.19179243734588475
421	255	0.19179243734588475
249	256	0.19179243734588475
250	257	0.19179243734588475
246	258	0.19179243734588475
479	259	0.19179243734588475
253	260	0.19179243734588475
478	261	0.19179243734588475
248	262	0.19179243734588475
251	263	0.19179243734588475
420	264	0.19179243734588475
247	265	0.19179243734588475
529	266	0.1784630916105504
534	267	0.17845928912550135
497	268	0.1784340674310708
514	269	0.17843406008893128
507	270	0.17843404314290093
506	271	0.1784340401049611
355	272	0.17843397467898423
491	273	0.17843395675119036
470	274	0.17843394987670783
224	275	0.1784339498767078
418	276	0.1784339498767078
475	277	0.1784339498767078
476	278	0.1784339498767078
240	279	0.1784339498767078
244	280	0.1784339498767078
238	281	0.1784339498767078
419	282	0.1784339498767078
319	283	0.1784339498767078
223	284	0.1784339498767078
229	285	0.1784339498767078
236	286	0.1784339498767078
472	287	0.1784339498767078
235	288	0.1784339498767078
231	289	0.1784339498767078
225	290	0.1784339498767078
237	291	0.1784339498767078
24	292	0.1784339498767078
477	293	0.1784339498767078
232	294	0.1784339498767078
234	295	0.1784339498767078
228	296	0.1784339498767078
239	297	0.1784339498767078
226	298	0.1784339498767078
233	299	0.1784339498767078
227	300	0.1784339498767078
471	301	0.1784339498767078
474	302	0.1784339498767078
230	303	0.1784339498767078
473	304	0.1784339498767078
222	305	0.1784339498767078
407	306	0.1650754962756636
350	307	0.16507548655263668
354	308	0.16507548477003872
23	309	0.16507546454361152
19	310	0.16507546428357778
353	311	0.16507546240753093
464	312	0.16507546240753085
352	313	0.16507546240753085
207	314	0.16507546240753085
211	315	0.16507546240753085
206	316	0.16507546240753085
215	317	0.16507546240753085
408	318	0.16507546240753085
218	319	0.16507546240753085
467	320	0.16507546240753085
198	321	0.16507546240753085
409	322	0.16507546240753085
318	323	0.16507546240753085
199	324	0.16507546240753085
413	325	0.16507546240753085
208	326	0.16507546240753085
209	327	0.16507546240753085
415	328	0.16507546240753085
351	329	0.16507546240753085
219	330	0.16507546240753085
411	331	0.16507546240753085
214	332	0.16507546240753085
466	333	0.16507546240753085
412	334	0.16507546240753085
200	335	0.16507546240753085
221	336	0.16507546240753085
202	337	0.16507546240753085
410	338	0.16507546240753085
469	339	0.16507546240753085
13	340	0.16507546240753085
216	341	0.16507546240753085
414	342	0.16507546240753085
14	343	0.16507546240753085
220	344	0.16507546240753085
468	345	0.16507546240753085
465	346	0.16507546240753085
201	347	0.16507546240753085
203	348	0.16507546240753085
210	349	0.16507546240753085
217	350	0.16507546240753085
462	351	0.16507546240753085
463	352	0.16507546240753085
184	353	0.15173085409537335
342	354	0.15172961712697025
17	355	0.15172959420335375
62	356	0.15172959239271744
125	357	0.15172959239271744
7	358	0.15172959239271744
183	359	0.15172959239271744
310	360	0.15172959239271744
123	361	0.15172959239271744
148	362	0.15172959239271744
182	363	0.15172959239271744
178	364	0.15172959239271744
122	365	0.15172959239271744
119	366	0.15172959239271744
149	367	0.15172959239271744
32	368	0.15172959239271744
116	369	0.15172959239271744
71	370	0.15172959239271744
36	371	0.15172959239271744
327	372	0.15172959239271744
213	373	0.15172872414604946
528	374	0.15171710278626047
518	375	0.15171709799863498
493	376	0.15171709350546844
496	377	0.15171709327654034
494	378	0.15171709318830043
544	379	0.15171709237539655
495	380	0.15171709206965386
502	381	0.15171707010307547
503	382	0.15171706919216232
504	383	0.15171706916340458
525	384	0.15171706465615534
345	385	0.1517169997990049
338	386	0.15171699969861835
337	387	0.15171699948768128
335	388	0.15171699931295235
18	389	0.1517169767915358
242	390	0.1517169753232284
511	391	0.1517169751825158
490	392	0.15171697502584772
519	393	0.1517169749383543
489	394	0.15171697493835423
437	395	0.151716974938354
441	396	0.15171697493835395
348	397	0.15171697493835395
306	398	0.15171697493835393
28	399	0.1517169749383539
22	400	0.1517169749383539
48	401	0.1517169749383539
389	402	0.1517169749383539
102	403	0.1517169749383539
74	404	0.1517169749383539
79	405	0.1517169749383539
383	406	0.1517169749383539
505	407	0.1517169749383539
92	408	0.1517169749383539
124	409	0.1517169749383539
132	410	0.1517169749383539
46	411	0.1517169749383539
133	412	0.1517169749383539
96	413	0.1517169749383539
72	414	0.1517169749383539
175	415	0.1517169749383539
157	416	0.1517169749383539
70	417	0.1517169749383539
457	418	0.1517169749383539
77	419	0.1517169749383539
315	420	0.1517169749383539
451	421	0.1517169749383539
459	422	0.1517169749383539
162	423	0.1517169749383539
101	424	0.1517169749383539
9	425	0.1517169749383539
65	426	0.1517169749383539
35	427	0.1517169749383539
100	428	0.1517169749383539
105	429	0.1517169749383539
394	430	0.1517169749383539
110	431	0.1517169749383539
45	432	0.1517169749383539
368	433	0.1517169749383539
165	434	0.1517169749383539
179	435	0.1517169749383539
445	436	0.1517169749383539
143	437	0.1517169749383539
395	438	0.1517169749383539
6	439	0.1517169749383539
135	440	0.1517169749383539
453	441	0.1517169749383539
205	442	0.1517169749383539
98	443	0.1517169749383539
444	444	0.1517169749383539
386	445	0.1517169749383539
194	446	0.1517169749383539
82	447	0.1517169749383539
193	448	0.1517169749383539
121	449	0.1517169749383539
78	450	0.1517169749383539
10	451	0.1517169749383539
197	452	0.1517169749383539
129	453	0.1517169749383539
367	454	0.1517169749383539
59	455	0.1517169749383539
112	456	0.1517169749383539
380	457	0.1517169749383539
170	458	0.1517169749383539
91	459	0.1517169749383539
50	460	0.1517169749383539
456	461	0.1517169749383539
332	462	0.1517169749383539
115	463	0.1517169749383539
195	464	0.1517169749383539
158	465	0.1517169749383539
316	466	0.1517169749383539
192	467	0.1517169749383539
458	468	0.1517169749383539
34	469	0.1517169749383539
86	470	0.1517169749383539
176	471	0.1517169749383539
81	472	0.1517169749383539
166	473	0.1517169749383539
39	474	0.1517169749383539
308	475	0.1517169749383539
114	476	0.1517169749383539
99	477	0.1517169749383539
144	478	0.1517169749383539
51	479	0.1517169749383539
181	480	0.1517169749383539
31	481	0.1517169749383539
56	482	0.1517169749383539
452	483	0.1517169749383539
130	484	0.1517169749383539
173	485	0.1517169749383539
147	486	0.1517169749383539
447	487	0.1517169749383539
433	488	0.1517169749383539
30	489	0.1517169749383539
387	490	0.1517169749383539
397	491	0.1517169749383539
461	492	0.1517169749383539
60	493	0.1517169749383539
5	494	0.1517169749383539
151	495	0.1517169749383539
196	496	0.1517169749383539
42	497	0.1517169749383539
186	498	0.1517169749383539
52	499	0.1517169749383539
76	500	0.1517169749383539
153	501	0.1517169749383539
63	502	0.1517169749383539
139	503	0.1517169749383539
126	504	0.1517169749383539
55	505	0.1517169749383539
128	506	0.1517169749383539
378	507	0.1517169749383539
44	508	0.1517169749383539
455	509	0.1517169749383539
172	510	0.1517169749383539
185	511	0.1517169749383539
381	512	0.1517169749383539
150	513	0.1517169749383539
131	514	0.1517169749383539
377	515	0.1517169749383539
40	516	0.1517169749383539
446	517	0.1517169749383539
109	518	0.1517169749383539
313	519	0.1517169749383539
27	520	0.1517169749383539
309	521	0.1517169749383539
111	522	0.1517169749383539
68	523	0.1517169749383539
146	524	0.1517169749383539
80	525	0.1517169749383539
399	526	0.1517169749383539
85	527	0.1517169749383539
243	528	0.1517169749383539
450	529	0.1517169749383539
174	530	0.1517169749383539
134	531	0.1517169749383539
33	532	0.1517169749383539
66	533	0.1517169749383539
73	534	0.1517169749383539
29	535	0.1517169749383539
154	536	0.1517169749383539
191	537	0.1517169749383539
312	538	0.1517169749383539
8	539	0.1517169749383539
53	540	0.1517169749383539
54	541	0.1517169749383539
454	542	0.1517169749383539
189	543	0.1517169749383539
460	544	0.1517169749383539
67	545	0.1517169749383539
163	546	0.1517169749383539
393	547	0.1517169749383539
366	548	0.1517169749383539
49	549	0.1517169749383539
405	550	0.1517169749383539
311	551	0.1517169749383539
107	552	0.1517169749383539
108	553	0.1517169749383539
276	554	0.1517169749383539
