#name	rank	LBI
187	1	80.03375630707319
188	2	72.33887660543692
554	3	20.140220873377675
4	4	16.333748186444694
74	5	14.882389057242865
37	6	14.801614677719684
41	7	14.799442229716188
7	8	14.786987028335728
29	9	14.762260163676277
42	10	14.75780519187245
124	11	12.637032613257357
75	12	9.387038784764613
119	13	2.234388032825346
120	14	2.134376785436087
123	15	2.0010700589598596
121	16	1.955172504591794
553	17	1.7478555496936081
544	18	1.6828734193536976
35	19	1.6572065767499375
546	20	1.5264283873042814
533	21	1.3749810228750459
67	22	1.1358696390612826
497	23	1.1249817699749753
68	24	1.052799277494837
520	25	0.9999981879129275
177	26	0.9338219834956368
524	27	0.908760545665268
178	28	0.8928956831506356
510	29	0.8838973284658194
181	30	0.8803723458022635
538	31	0.8434436283563669
186	32	0.834248360726382
180	33	0.8332425229837399
525	34	0.8268468460725529
511	35	0.8250204436442866
513	36	0.8175319179487652
540	37	0.8052487366052432
182	38	0.8011934048145449
183	39	0.8011913114263844
115	40	0.7956597831766512
185	41	0.7861633720973766
117	42	0.7752778344840852
482	43	0.7499997086838446
543	44	0.7140364587777126
491	45	0.6925268109056738
470	46	0.6370268491664159
494	47	0.6358337757862462
515	48	0.6250137195811817
73	49	0.6178672410180353
64	50	0.5869110211707105
65	51	0.5773856354517226
66	52	0.5491928205815013
112	53	0.5458034482508864
502	54	0.5450325137663513
456	55	0.5337651581430385
108	56	0.5240811301310676
552	57	0.5219142417870841
118	58	0.521698307624691
72	59	0.521698023258419
1	60	0.5120268638976863
472	61	0.5120268573885342
506	62	0.5046988626554875
113	63	0.49883031085007523
504	64	0.4980616854781668
503	65	0.4980616854781668
457	66	0.48792743848904124
542	67	0.48563456659864557
485	68	0.4328289074607181
541	69	0.4255288054988847
537	70	0.4014865010589793
486	71	0.3967253358577896
54	72	0.38586969641660124
531	73	0.37744419661907674
532	74	0.377444196619074
516	75	0.37503146778238994
192	76	0.37500242218586827
193	77	0.3750024218142854
201	78	0.3750024214006654
197	79	0.37500242131566625
195	80	0.3750024212999424
204	81	0.3750024211399592
205	82	0.3750024209587124
211	83	0.3750024204289547
206	84	0.37500242042111537
207	85	0.37500242026370273
294	86	0.3750024188310249
48	87	0.37500049681278536
31	88	0.3750004906418122
11	89	0.3750004780481933
136	90	0.37500037586179774
137	91	0.3750003721948039
134	92	0.3750003720841267
79	93	0.37500028050012585
99	94	0.3750002771981633
81	95	0.37500027682479264
82	96	0.3750002765402403
527	97	0.3750000119850758
256	98	0.3750000000000812
2	99	0.375
366	100	0.3749999971838816
55	101	0.374999996530028
100	102	0.3749999963224242
286	103	0.3749999963204499
15	104	0.37499999631217507
378	105	0.3749999962659933
215	106	0.3749999959317325
276	107	0.37499999584659355
125	108	0.3749999928520047
27	109	0.3749999927857032
18	110	0.3749999927423024
296	111	0.37499999269849005
24	112	0.3749999926722353
25	113	0.37499999260039746
217	114	0.374999992597892
26	115	0.3749999925712272
374	116	0.3749999925430008
375	117	0.37499999251406374
319	118	0.3749999924997361
94	119	0.37499999232893244
395	120	0.37499999230405745
376	121	0.37499999228715614
130	122	0.37499999228638187
394	123	0.3749999922827997
343	124	0.37499999225291253
351	125	0.37499999220915153
248	126	0.37499999214581914
152	127	0.37499999205418283
328	128	0.37499733320922213
412	129	0.374991138031246
191	130	0.37498910379532635
203	131	0.374982000520522
6	132	0.3745784247937156
530	133	0.36542304439904183
529	134	0.36542304439904183
519	135	0.3413807399592191
22	136	0.3371503467000775
514	137	0.32935958773926843
509	138	0.32935958773926655
184	139	0.32935958773918556
507	140	0.3173408616704985
508	141	0.31733843551923346
549	142	0.2837559364792523
518	143	0.2813064495626295
496	144	0.28012352689547787
495	145	0.2794281853171774
548	146	0.2622431196145999
517	147	0.2620583308739474
235	148	0.2620292914231084
190	149	0.26202928942728015
271	150	0.2620292890924085
260	151	0.2620292870782178
262	152	0.2620292870558494
263	153	0.26202928703382034
336	154	0.26202928680480353
290	155	0.2620292867914059
330	156	0.2620292864286987
308	157	0.2620292864002812
348	158	0.2620292862519089
355	159	0.26202928588034974
288	160	0.2620292842712446
341	161	0.26202800619858185
309	162	0.26202800296890877
14	163	0.2620280027514109
92	164	0.2620280024260102
384	165	0.26202800234594104
33	166	0.26202737236695145
51	167	0.26202736284355577
28	168	0.2620273623562973
10	169	0.26202735727012266
47	170	0.26202734645977604
40	171	0.26202732776892385
90	172	0.26202714819208467
86	173	0.2620271443875368
122	174	0.262026923036411
320	175	0.26202686389776947
344	176	0.2620268638977692
324	177	0.26202686389776897
338	178	0.2620268638977685
220	179	0.2620268638977661
43	180	0.2620268638977028
91	181	0.26202686389769586
317	182	0.26202686389768626
240	183	0.26202686389768626
434	184	0.26202686389768615
347	185	0.26202686389768615
131	186	0.26202686389768615
403	187	0.26202686389768615
306	188	0.2620268605930218
21	189	0.2620268604133345
483	190	0.26202686035806977
179	191	0.26202686027534927
498	192	0.262026860254138
397	193	0.2620268602325375
345	194	0.26202686023195354
367	195	0.2620268602145568
393	196	0.2620268602025082
368	197	0.2620268602012815
244	198	0.2620268601972053
255	199	0.26202686017912286
144	200	0.26202686017446764
20	201	0.26202686015641596
283	202	0.26202686013365417
78	203	0.26202686010967213
105	204	0.2620268601072967
257	205	0.2620268601020855
87	206	0.2620268600950991
381	207	0.262026860085201
45	208	0.262026860083091
499	209	0.2620268600741668
316	210	0.2620268600740434
221	211	0.2620268600734247
402	212	0.26202686007110265
346	213	0.26202686006967246
234	214	0.26202686006552867
358	215	0.26202686005640635
369	216	0.2620268600545804
382	217	0.2620268600462608
83	218	0.26202686003936587
383	219	0.2620268600392395
396	220	0.2620268600270479
325	221	0.2620268600208985
241	222	0.26202686002082454
363	223	0.2620268600176436
293	224	0.2620268600061329
321	225	0.2620268599958523
322	226	0.2620268599951801
389	227	0.26202685999470354
300	228	0.26202685996920566
295	229	0.2620268599660266
301	230	0.26202685992743585
69	231	0.2620268598269893
8	232	0.262026859800662
550	233	0.26201543722346987
176	234	0.257232674419473
490	235	0.24521152219960457
523	236	0.23325303136236464
536	237	0.23319402151380256
528	238	0.23319038931260186
63	239	0.23319036997958567
175	240	0.23319036997956882
481	241	0.2211692177597002
489	242	0.2211692177596994
488	243	0.22116921775961673
109	244	0.21427192933124353
477	245	0.2091504897291975
61	246	0.2091485473379027
480	247	0.2091480655397481
478	248	0.2091480655397473
475	249	0.20914806553974727
479	250	0.20914806553974713
476	251	0.20914806553966545
62	252	0.20914806553966464
111	253	0.20362490186928375
110	254	0.19921892009647146
467	255	0.19712933863704762
465	256	0.1971269133197961
468	257	0.19712691331979515
464	258	0.1971269133197949
466	259	0.19712691331979382
474	260	0.1971269133197937
469	261	0.19712691331979074
174	262	0.1971269133197254
461	263	0.1851057610998438
462	264	0.18510576109984364
460	265	0.18510576109984359
463	266	0.185105761099843
458	267	0.18510576109984095
459	268	0.18510576109981589
535	269	0.17317917000456004
449	270	0.17308703466312791
447	271	0.17308703382932422
59	272	0.17308510712129832
171	273	0.17308499188364662
441	274	0.17308460887989163
453	275	0.17308460887989144
446	276	0.1730846088798914
444	277	0.17308460887989136
443	278	0.17308460887989133
448	279	0.1730846088798909
450	280	0.17308460887989088
442	281	0.17308460887989072
451	282	0.17308460887988933
445	283	0.17308460887988764
440	284	0.1730846088798866
57	285	0.17308460887982557
173	286	0.17308460887982113
58	287	0.17308460887980837
452	288	0.17308460887980837
454	289	0.17308460887980837
60	290	0.17308460887980837
172	291	0.17308460887980837
455	292	0.17308460887980837
501	293	0.1611368295609218
500	294	0.1610663119057534
419	295	0.1610658836944189
421	296	0.1610658833018026
422	297	0.16106588308098382
484	298	0.1610650944773129
473	299	0.16106346463228655
487	300	0.161063462312593
551	301	0.16106345666709124
414	302	0.1610634566599406
438	303	0.16106345665993996
437	304	0.16106345665993996
407	305	0.1610634566599399
410	306	0.16106345665993976
411	307	0.16106345665993976
405	308	0.16106345665993974
406	309	0.16106345665993974
439	310	0.16106345665993968
431	311	0.16106345665993932
409	312	0.16106345665993932
408	313	0.16106345665993918
423	314	0.16106345665993882
433	315	0.1610634566599388
428	316	0.1610634566599386
415	317	0.1610634566599383
430	318	0.16106345665993788
420	319	0.16106345665993624
417	320	0.16106345665991745
170	321	0.16106345665986904
163	322	0.1610634566598687
106	323	0.16106345665986568
539	324	0.16106345665985689
427	325	0.16106345665985627
522	326	0.16106345665985627
169	327	0.16106345665985627
167	328	0.16106345665985627
416	329	0.16106345665985627
165	330	0.16106345665985627
436	331	0.16106345665985627
432	332	0.16106345665985627
166	333	0.16106345665985627
418	334	0.16106345665985627
107	335	0.16106345665985627
425	336	0.16106345665985627
168	337	0.16106345665985627
426	338	0.16106345665985627
429	339	0.16106345665985627
164	340	0.16106345665985627
424	341	0.16106345665985627
56	342	0.16106345665985627
53	343	0.16106345665985627
534	344	0.14905737877670736
267	345	0.14905615421650006
268	346	0.14905615397116947
273	347	0.14905615360322005
274	348	0.14905615311270762
279	349	0.1490561528674886
318	350	0.14905487009635027
12	351	0.149054870096284
89	352	0.149054870096278
104	353	0.14905487009627788
49	354	0.1490542300885863
5	355	0.14905421807581473
139	356	0.14905410754842302
98	357	0.14905401204378146
512	358	0.14905374608815802
329	359	0.149053727795456
340	360	0.14905372779545598
350	361	0.14905372779545567
231	362	0.14905372779545503
335	363	0.14905372779545495
254	364	0.14905372779545475
352	365	0.1490537277954547
404	366	0.14905372779545392
401	367	0.14905372779545392
370	368	0.14905372779545376
372	369	0.14905372779545373
285	370	0.149053727795453
305	371	0.14905372779545287
292	372	0.14905372779545265
247	373	0.1490537277954337
141	374	0.14905372779538545
135	375	0.1490537277953854
155	376	0.14905372779538528
158	377	0.14905372779538528
126	378	0.1490537277953848
102	379	0.14905372779538228
85	380	0.1490537277953822
251	381	0.14905372779537854
399	382	0.14905372779537251
334	383	0.14905372779537251
95	384	0.14905372779537251
154	385	0.14905372779537251
223	386	0.14905372779537251
226	387	0.14905372779537251
387	388	0.14905372779537251
299	389	0.14905372779537251
354	390	0.14905372779537251
76	391	0.14905372779537251
229	392	0.14905372779537251
228	393	0.14905372779537251
365	394	0.14905372779537251
142	395	0.14905372779537251
360	396	0.14905372779537251
101	397	0.14905372779537251
225	398	0.14905372779537251
400	399	0.14905372779537251
151	400	0.14905372779537251
227	401	0.14905372779537251
23	402	0.14905372779537251
373	403	0.14905372779537251
249	404	0.14905372779537251
413	405	0.149052769221881
252	406	0.14904473181805822
253	407	0.14904473157263082
261	408	0.1490447312045363
218	409	0.14904473117999864
265	410	0.14904473086103173
332	411	0.14904473083649758
304	412	0.14904473081196365
291	413	0.1490447307138304
269	414	0.14904473049304512
270	415	0.14904473024775172
272	416	0.14904473024775172
323	417	0.14904473010058758
315	418	0.14904472995343235
280	419	0.14904472902165664
38	420	0.14904280616968255
50	421	0.14904280562714942
30	422	0.14904280410915466
34	423	0.1490428039424562
32	424	0.14904280265620543
9	425	0.1490428014637187
39	426	0.1490428010166448
143	427	0.1490426841699166
84	428	0.14904258871993026
526	429	0.14904232444529025
116	430	0.14904232109242016
493	431	0.14904231816650748
492	432	0.14904231804738696
471	433	0.14904231643696236
505	434	0.14904231327902978
547	435	0.1490423044471255
521	436	0.14904230444203523
222	437	0.1490423044399879
208	438	0.1490423044399876
200	439	0.1490423044399875
189	440	0.1490423044399875
349	441	0.1490423044399875
380	442	0.14904230443998748
214	443	0.14904230443998745
275	444	0.14904230443998742
236	445	0.1490423044399874
264	446	0.1490423044399874
313	447	0.1490423044399873
282	448	0.14904230443998728
377	449	0.14904230443998726
312	450	0.14904230443998723
213	451	0.14904230443998723
237	452	0.14904230443998717
210	453	0.14904230443998706
198	454	0.14904230443998698
362	455	0.14904230443998695
314	456	0.14904230443998695
194	457	0.14904230443998692
337	458	0.1490423044399869
233	459	0.1490423044399868
209	460	0.14904230443998673
242	461	0.14904230443998667
232	462	0.14904230443998664
289	463	0.1490423044399866
310	464	0.14904230443998653
353	465	0.14904230443998653
356	466	0.1490423044399865
212	467	0.14904230443998648
307	468	0.14904230443998634
287	469	0.1490423044399863
266	470	0.14904230443998626
281	471	0.14904230443998623
364	472	0.14904230443998623
277	473	0.1490423044399861
339	474	0.14904230443998603
327	475	0.14904230443998598
342	476	0.14904230443998578
333	477	0.14904230443998562
390	478	0.1490423044399856
245	479	0.14904230443998545
238	480	0.14904230443998542
371	481	0.1490423044399854
361	482	0.149042304439985
545	483	0.14904230443993347
52	484	0.14904230443992103
140	485	0.14904230443991717
146	486	0.14904230443991706
157	487	0.14904230443991695
161	488	0.14904230443991695
159	489	0.14904230443991695
127	490	0.14904230443991476
77	491	0.14904230443991398
88	492	0.14904230443991395
97	493	0.14904230443991393
80	494	0.14904230443991393
96	495	0.14904230443991387
103	496	0.14904230443991384
114	497	0.14904230443990446
435	498	0.1490423044399042
250	499	0.1490423044399042
147	500	0.14904230443990418
44	501	0.14904230443990418
71	502	0.14904230443990418
311	503	0.14904230443990418
132	504	0.14904230443990418
202	505	0.14904230443990418
129	506	0.14904230443990418
331	507	0.14904230443990418
149	508	0.14904230443990418
153	509	0.14904230443990418
386	510	0.14904230443990418
398	511	0.14904230443990418
239	512	0.14904230443990418
36	513	0.14904230443990418
19	514	0.14904230443990418
13	515	0.14904230443990418
258	516	0.14904230443990418
326	517	0.14904230443990418
359	518	0.14904230443990418
388	519	0.14904230443990418
150	520	0.14904230443990418
216	521	0.14904230443990418
259	522	0.14904230443990418
148	523	0.14904230443990418
219	524	0.14904230443990418
278	525	0.14904230443990418
16	526	0.14904230443990418
224	527	0.14904230443990418
145	528	0.14904230443990418
298	529	0.14904230443990418
93	530	0.14904230443990418
385	531	0.14904230443990418
3	532	0.14904230443990418
70	533	0.14904230443990418
379	534	0.14904230443990418
302	535	0.14904230443990418
246	536	0.14904230443990418
199	537	0.14904230443990418
17	538	0.14904230443990418
160	539	0.14904230443990418
297	540	0.14904230443990418
156	541	0.14904230443990418
138	542	0.14904230443990418
284	543	0.14904230443990418
392	544	0.14904230443990418
162	545	0.14904230443990418
357	546	0.14904230443990418
46	547	0.14904230443990418
230	548	0.14904230443990418
243	549	0.14904230443990418
391	550	0.14904230443990418
303	551	0.14904230443990418
133	552	0.14904230443990418
196	553	0.14904230443990418
128	554	0.14904230443990418
